.Random.seed <-
c(403L, 11L, -740394943L, 43801043L, -147983486L, 681047988L, 
-821760201L, -1719704019L, -209184956L, 1054024810L, 17825493L, 
1134622831L, -52414090L, -1060273504L, 1423355747L, -1242569727L, 
75272048L, 1823377166L, 1870471545L, -2082523893L, -1909526982L, 
1588020540L, 743099007L, 1771164117L, 1654403052L, 2138804546L, 
212536989L, 455871255L, 869595774L, -1165350344L, 213970203L, 
-842409351L, 279336648L, 541126390L, 579299121L, -1819508893L, 
-1227860686L, 1472013956L, -340299065L, -1382149731L, -349367020L, 
-723764294L, 1546964485L, 1231024095L, 812156518L, -1349438992L, 
1163124499L, -861052751L, -1853775008L, -1228902146L, -1633419127L, 
1625706427L, -26396278L, -1165031316L, 1200843247L, -620518875L, 
830502620L, 534768818L, -572858451L, 155517799L, -1218871154L, 
-1116594840L, 1700380011L, -1216934135L, 533520792L, 1332242630L, 
-1687995871L, 499253939L, -578596830L, 1338526228L, -1609396585L, 
810246285L, -1499540060L, -2069506166L, 933254133L, 54729295L, 
700357974L, -232466432L, -2037741245L, -1791736607L, -1809408432L, 
291963566L, 1039042137L, 1225248363L, 790127578L, 1304999068L, 
1700617887L, -1501006603L, -57330292L, -930549662L, 440787005L, 
-861513L, 1191002462L, 174123160L, -509889541L, 612598169L, -408174040L, 
-1946373418L, -876038319L, 1373141507L, 1389751698L, 473594660L, 
-1452499481L, -252872131L, 9868468L, 2120094490L, 1425913957L, 
707424511L, -40500858L, -1120045296L, 1748489139L, 2012155985L, 
-493706240L, 348562654L, -577923287L, 321039067L, -1331478038L, 
594012556L, -804598065L, 16085637L, -394163908L, -1411550190L, 
496163597L, 1323894855L, 602794542L, -1508912248L, 16285323L, 
1979035753L, -1602708424L, -1206522650L, 1854018689L, 1518093331L, 
-912649278L, 2112113780L, 175555191L, 1763548013L, 2023693316L, 
470554410L, 1403643029L, 372020015L, 115655222L, -1550166432L, 
1983186083L, -1636102207L, -216331344L, -1481118002L, -35075015L, 
1541755467L, 1013286906L, 1929216764L, 886835007L, 1334814741L, 
1523784492L, -1271566334L, 1702320861L, 127599063L, -1654371138L, 
801228536L, -1865452325L, -2122520775L, 582783624L, -1719437770L, 
156968561L, -1823419229L, -685810190L, 43887940L, -1769665017L, 
-824087587L, -1065253676L, -663495686L, 47426373L, 777940895L, 
-1574279898L, -353915472L, -1110251949L, -1748459151L, 1584760992L, 
896530494L, 1279823689L, 764622331L, -602326582L, 2129508140L, 
1572292399L, 133285349L, 1943816348L, -1481114382L, 1861203309L, 
1521332903L, 677485774L, -1665289688L, -1817173461L, -328513463L, 
-1699366568L, 317587462L, 2090635745L, -1745134733L, -694128670L, 
-460740780L, -1946572201L, 546007629L, 562810340L, 2025203658L, 
179726901L, -1507004273L, -1070403178L, -2066191040L, 1675632643L, 
1370694177L, -1143724784L, -947950866L, -11774311L, 97736491L, 
-334228966L, -912199460L, 1542089951L, 1533975221L, -2044359604L, 
364548258L, -1265119235L, 1581395191L, -1516086754L, 697119960L, 
-1912379333L, 404115929L, 514541416L, -1820013930L, 899462161L, 
1442440643L, 2124032466L, 535239548L, 1444410674L, 1453629040L, 
502340420L, 2087695320L, -397639814L, 2097877552L, 370576316L, 
-1206459820L, 65449026L, 2066495648L, -783990084L, -1316921904L, 
-990128286L, -1705504024L, 1163584716L, -739037700L, -485434894L, 
1436825216L, 1418135028L, -1968934264L, 139904826L, -1005445296L, 
1290194028L, -1169207916L, 131837010L, -943179296L, -1393150772L, 
-1205636960L, -1446237822L, -1819412248L, 905093868L, -1036937924L, 
-98644878L, 1601873008L, 1734093860L, 786456632L, -663819494L, 
454941904L, -844702916L, -2140215404L, 123973506L, -595495488L, 
-153583044L, -307676784L, -278709726L, 165932296L, -1500202356L, 
724784924L, 1660104850L, 649159040L, -1968586220L, -817110232L, 
-1949702598L, -754591280L, 632051052L, 740848564L, 700488722L, 
501191136L, -731061300L, -2093666080L, -1597904862L, -1466229464L, 
1254700556L, 1354277692L, 1748751346L, 2103852784L, 1510427204L, 
1124953688L, 864490298L, 534352368L, -413614404L, -1210966764L, 
669408962L, -1311367072L, -89282692L, 244472784L, -195207902L, 
1008051880L, 735742860L, -700859204L, 675735346L, -273649088L, 
48208052L, -761165240L, -1067876934L, 1504834064L, -530211092L, 
-1073615532L, -130124526L, -1936918112L, 253124300L, 624248416L, 
1349383106L, 1337475880L, -304972884L, 1877774140L, 1502969202L, 
-1654788304L, 1554429220L, 845339448L, -2130903334L, -1087372400L, 
120019708L, -181152876L, 1101467714L, 1245946112L, -334932932L, 
-24509104L, 1197432994L, 1482939720L, 1394359052L, 1082426076L, 
1023164754L, 2057986176L, 2100989012L, 2110585832L, 1288836346L, 
1405730640L, -1863643348L, -1363493516L, 1932648338L, -1685390240L, 
-27224692L, -463631520L, 1082992098L, 2143478696L, -116170548L, 
-1005782020L, 1868829106L, 115613168L, 1045577668L, -1546329768L, 
1594996090L, -172441680L, 1024890300L, -674012076L, 1194067906L, 
-434620384L, -122697540L, -1897867696L, -536121374L, 1058175080L, 
-873471924L, 757220604L, 1050646514L, -1602319104L, 2040067444L, 
-754046968L, 9892794L, -1082202672L, -145772564L, -624063084L, 
1949112786L, 73564512L, 1798662988L, 464714016L, -1201817726L, 
-97122584L, -1403531028L, -556844996L, -977834126L, 1509682800L, 
1696226340L, 1341364024L, -1175911270L, 1999078096L, -1602303812L, 
-2073827692L, 659852930L, 1466132672L, -1365352644L, 1566441616L, 
-893630942L, -1429058552L, 126758156L, -1633846116L, 1379107346L, 
1373803392L, 125228564L, -1574222296L, 604187962L, -488491568L, 
-1907269524L, -673549004L, 987611794L, -1365727392L, -1085317300L, 
1178779616L, -1444942942L, 576207784L, 1756043660L, -524331844L, 
-641965710L, 1230282992L, -1896554428L, 990686552L, 450437690L, 
-1836421264L, 1238031420L, -1503028460L, -342575678L, 1146824416L, 
-1540000900L, -1135684912L, 389620898L, 1736591400L, -77817588L, 
373957564L, 68130098L, 1084690880L, -1949576652L, -1046845496L, 
2121176250L, 821836176L, 958341612L, 1986170452L, 1599196306L, 
1126054688L, 1843081676L, 1261686240L, 518577858L, -1852571608L, 
-1987629396L, -2022002500L, 339424754L, -1168724688L, 1592094652L, 
-1397065683L, 2073110487L, -1394373088L, 1794740094L, 1162621259L, 
572511053L, -34508422L, -1032993864L, -305055391L, 592938259L, 
690359604L, -817154238L, 669099863L, -1344080223L, -186919066L, 
-1498181276L, 1360712853L, 1193868735L, -2118106792L, -1790939274L, 
-328098429L, -1665239099L, -31839006L, -783894192L, -1275467655L, 
-1996280917L, 254341404L, -1902217654L, 1164374591L, -1905555831L, 
-2002439522L, -676139188L, 1122420509L, 1032087207L, -2031522352L, 
1751430510L, 233596955L, 405899645L, 875106154L, -782165496L, 
-1457512783L, -2070447837L, 451078692L, -366477102L, 2110699815L, 
1663366001L, 65307062L, 2092661076L, -1957349403L, 877937135L, 
925821224L, -1568276090L, 1473121715L, -1555836651L, -1008147598L, 
2127744960L, -637083607L, 1228520603L, 393804140L, -886460038L, 
1254867631L, -1113237063L, -483867698L, 416611100L, -428911987L, 
1772051191L, -622883328L, 897165406L, -451329237L, 433229869L, 
1502984346L, -314201000L, -836027455L, -1041050509L, 1101692308L, 
1986397218L, 1238889271L, 1251530241L, -1133054202L, -1298871484L, 
-1799946635L, -572162081L, -1229139144L, -1003522794L, 193562915L, 
1331507941L, 456841986L, -1391087248L, 1596545305L, -73983733L, 
-1166509572L, 2130383402L, -609353121L, 1877893609L, 1403284222L, 
533037804L, -1258401219L, -13864441L, -1299991056L, 66114958L, 
849300411L, -2037594723L, -2039895222L, -137498776L, -1828454063L, 
993514051L, 39606084L, -179971086L, -1137552953L, 1828325265L, 
-1069625578L, 244849524L, -5742075L, 1501753935L, -1376571832L, 
1302302694L, -165936877L, 845491829L, 39298130L, -822579552L, 
-1541403767L, -491595845L, 2138576908L, -1323043430L, -130157297L, 
1115224921L, 1512105454L, -1658232708L, -772823827L, 374829975L, 
-840225696L, -1159967170L, -1436834037L, -2081088115L, -1413798214L, 
-67320584L, -1277373791L, -188173741L, 333368692L, -1067490558L, 
2013823895L, 2036999521L, 2059642278L, 375642020L, -54439339L, 
-1646976257L, -352671848L, -1270257482L, -897041085L, -1796236155L, 
